9
 , , 1 2 3
 1, 2, 3
 , 2, 1 3
 , 3, 1 2
 1 4, 3, 2
 2 4, 3, 1
 1 4, 2 5 8 9, 3 6 7 10
 1 2 7 8 11 12 15 16 17 22 25 26, 3 14 23 28, 4 5 6 9 10 13 18 19 20 21 24 27
 19 20 21 24, 1 2 3 6 7 8 9 10 11 14 15 16 17 22 25 28 29 30, 4 5 12 13 18 23 26 27

8
1,2,3
1 2,4,3
1 2 3,5,4
1 2 3 4,6,5
1 2 3 4 5,7,6
1 2 3 4 5 6,8,7
1 2 3 4 5 6 7,9,8
1 2 3 4 5 6 7 8,10,9

8
2,1,3
3,1 2,4
4,1 2 3,5
5,1 2 3 4,6
6,1 2 3 4 5,7
7,1 2 3 4 5 6,8
8,1 2 3 4 5 6 7,9
9,1 2 3 4 5 6 7 8,10

6
1 2 3,4,
1 2 3,,4
4,1 2 3,
,1 2 3,4
4,,1 2 3
,4,1 2 3
